75	3	1.0
75	110	4.0
75	160	2.0
75	163	4.0
75	165	4.5
75	296	5.0
75	353	3.5
75	420	2.0
75	589	4.0
75	653	3.0
75	832	4.5
75	920	0.5
75	996	4.5
75	1036	4.0
75	1127	3.5
75	1304	2.5
75	1370	4.0
75	1374	4.0
75	1485	4.0
75	1527	4.5
75	1917	2.5
75	2011	2.0
75	2054	1.5
75	2490	4.0
75	2571	4.5
75	2640	3.0
75	2688	3.0
75	2700	4.5
75	2762	3.5
75	2959	4.5
75	3258	1.5
75	3793	3.0
75	3994	3.5
75	5107	3.0
75	5952	3.5
75	6213	4.0
75	6225	0.5
75	6333	4.0
75	7000	3.5
75	7007	4.5
75	7153	3.5
75	32029	4.5
75	32587	5.0
75	33437	3.5
75	45431	3.5
75	45722	4.5
78	17	4.0
78	29	4.5
78	41	4.5
78	101	4.5
78	110	3.5
78	111	4.0
78	150	4.0
78	198	2.5
78	235	4.0
78	260	4.0
78	296	4.5
78	305	2.0
78	318	4.0
78	327	3.5
78	356	3.5
78	357	5.0
78	468	3.5
78	480	2.5
78	497	4.0
78	509	4.5
78	515	4.0
78	527	4.0
78	541	4.5
78	589	4.0
78	590	4.0
78	608	4.5
78	728	4.0
78	760	4.0
78	778	5.0
78	780	2.5
78	858	4.0
78	903	4.0
78	904	4.5
78	908	4.5
78	912	4.5
78	920	4.5
78	923	4.0
78	969	4.5
78	994	4.5
78	1019	3.5
78	1041	4.5
78	1060	4.5
78	1077	5.0
78	1079	4.5
78	1080	5.0
78	1084	4.0
78	1089	4.5
78	1090	4.0
78	1095	5.0
78	1129	3.0
78	1136	4.5
78	1150	4.5
78	1178	5.0
78	1179	4.0
78	1183	3.5
78	1186	4.0
78	1197	4.5
78	1199	5.0
78	1200	4.0
78	1201	4.0
78	1202	5.0
78	1207	4.5
78	1208	4.5
78	1210	2.5
78	1219	4.5
78	1225	4.5
78	1230	4.0
78	1234	4.0
78	1238	4.0
78	1240	4.5
78	1243	5.0
78	1244	4.5
78	1245	4.5
78	1246	4.0
78	1247	4.5
78	1252	5.0
78	1253	4.5
78	1258	4.5
78	1259	4.5
78	1265	4.5
78	1267	4.5
78	1270	4.0
78	1272	4.5
78	1273	4.5
78	1276	4.5
78	1278	5.0
78	1279	3.5
78	1285	4.0
78	1287	4.0
78	1288	5.0
78	1292	4.5
78	1295	4.0
78	1296	4.5
78	1299	4.5
78	1301	4.5
78	1304	4.5
78	1306	3.0
78	1307	4.0
78	1320	2.5
78	1343	3.5
78	1346	4.0
78	1358	4.5
78	1374	3.0
78	1387	4.5
78	1391	4.5
78	1394	3.5
78	1449	5.0
78	1500	4.5
78	1573	2.0
78	1617	3.5
78	1629	4.5
78	1641	4.5
78	1653	4.0
78	1663	4.0
78	1674	4.5
78	1676	2.5
78	1682	4.0
78	1732	3.5
78	1834	4.0
78	1885	4.5
78	1904	3.5
78	1916	4.5
78	1921	4.5
78	1923	4.0
78	1931	4.5
78	1952	4.5
78	1953	4.5
78	1957	3.5
78	1965	5.0
78	1968	3.0
78	2009	4.0
78	2021	3.0
78	2028	3.5
78	2076	5.0
78	2100	4.0
78	2105	3.5
78	2108	4.0
78	2109	3.5
78	2117	5.0
78	2144	3.5
78	2174	4.5
78	2176	4.5
78	2186	4.5
78	2248	4.5
78	2288	2.5
78	2289	4.0
78	2290	4.5
78	2291	4.5
78	2294	3.5
78	2316	2.5
78	2321	3.5
78	2333	4.5
78	2346	4.0
78	2387	3.5
78	2390	5.0
78	2395	4.0
78	2396	4.5
78	2402	2.0
78	2406	3.5
78	2420	2.5
78	2427	4.5
78	2455	4.5
78	2502	5.0
78	2529	4.5
78	2532	2.0
78	2533	1.5
78	2571	5.0
78	2600	3.0
78	2662	4.5
78	2671	3.5
78	2672	4.0
78	2701	2.5
78	2706	2.5
78	2716	4.5
78	2723	4.5
78	2747	3.0
78	2761	4.5
78	2762	4.0
78	2779	4.5
78	2791	4.5
78	2840	3.5
78	2858	4.5
78	2916	4.0
78	2917	4.0
78	2918	4.5
78	2919	4.5
78	2944	4.0
78	2947	3.5
78	2959	3.5
78	2968	4.5
78	2973	4.5
78	2985	4.0
78	2997	4.5
78	3045	4.0
78	3052	4.0
78	3060	4.0
78	3067	4.5
78	3070	4.0
78	3072	4.0
78	3090	4.5
78	3104	4.5
78	3135	4.0
78	3163	4.0
78	3168	3.5
78	3175	4.5
78	3201	4.5
78	3210	4.5
78	3253	4.0
78	3271	4.5
78	3328	4.5
78	3334	4.0
78	3359	5.0
78	3363	4.0
78	3397	4.5
78	3418	3.5
78	3421	4.5
78	3424	4.5
78	3441	2.5
78	3471	3.5
78	3481	4.5
78	3504	3.5
78	3521	3.5
78	3527	4.0
78	3552	3.0
78	3638	2.5
78	3658	4.0
78	3671	4.0
78	3676	4.5
78	3683	4.0
78	3698	2.0
78	3702	4.0
78	3703	4.0
78	3706	4.5
78	3751	4.5
78	3793	4.0
78	3811	5.0
78	3814	4.5
78	3836	4.5
78	3863	4.0
78	3911	4.5
78	3925	4.5
78	3959	4.5
78	4027	4.5
78	4034	4.5
78	4085	4.0
78	4131	4.0
78	4223	5.0
78	4226	5.0
78	4276	3.5
78	4280	3.5
78	4310	2.5
78	4338	4.5
78	4349	4.5
78	4361	3.0
78	4443	4.5
78	4467	4.5
78	4518	4.0
78	4553	4.5
78	4571	4.0
78	4641	4.5
78	4643	4.0
78	4713	4.5
78	4842	4.0
78	4855	4.0
78	4873	5.0
78	4918	4.5
78	4981	4.0
78	5049	4.5
78	5060	4.0
78	5139	3.5
78	5198	4.5
78	5339	4.5
78	5410	4.0
78	5445	3.0
78	5446	4.5
78	5522	4.5
78	5693	4.0
78	5747	5.0
78	5876	5.0
78	5899	4.5
78	5932	5.0
78	6001	4.0
78	6184	4.5
78	6261	3.5
78	6305	4.0
78	6333	4.0
78	6365	2.0
78	6440	5.0
78	6458	4.5
78	6502	4.0
78	6620	4.0
78	6645	4.0
78	6650	5.0
78	6711	4.5
78	6774	4.5
78	6867	4.5
78	6874	4.0
78	6934	1.5
78	6942	4.5
78	6947	4.5
78	6971	5.0
78	6978	5.0
78	6993	4.0
78	7001	4.5
78	7020	4.5
78	7025	4.0
78	7027	4.5
78	7084	4.5
78	7123	4.5
78	7132	4.0
78	7215	4.5
78	7236	4.5
78	7361	4.5
78	7419	4.5
78	7438	3.5
78	7560	4.5
78	7698	4.0
78	7815	4.0
78	7817	4.5
78	7934	4.5
78	7983	4.0
78	8337	4.5
78	8595	4.0
78	8596	3.0
78	8623	4.5
78	9005	4.5
78	26203	4.0
78	27904	4.0
78	34405	4.5
78	37729	4.0
78	38038	3.5
78	44191	5.0
78	44694	2.0
78	46578	5.0
78	46976	4.5
78	48774	4.5
78	49272	3.0
78	50872	4.5
127	1911	2.5
127	2719	4.0
127	3157	3.0
127	5523	4.5
127	6013	3.0
127	7293	3.0
127	7444	4.0
127	8810	3.0
127	32296	0.5
127	39400	5.0
127	42009	1.5
127	43558	3.5
127	43904	4.5
127	43919	3.0
127	43936	4.5
127	44004	4.0
127	44397	4.5
127	45081	5.0
127	45720	4.5
127	45726	4.5
127	54286	3.5
170	1	3.0
170	2	2.0
170	10	3.5
170	19	2.0
170	21	3.0
170	34	2.0
170	47	4.0
170	50	4.0
170	104	4.0
170	111	3.0
170	141	2.5
170	165	3.0
170	180	5.0
170	208	2.0
170	231	1.0
170	296	4.5
170	318	4.0
170	344	2.0
170	356	3.0
170	364	2.0
170	367	2.0
170	420	2.5
170	432	2.5
170	500	2.0
170	597	2.0
170	648	2.5
170	736	2.0
170	778	4.0
170	788	2.0
170	1036	3.0
170	1080	4.0
170	1136	3.5
170	1240	3.0
170	1265	2.0
170	1270	3.0
170	1387	3.0
170	1485	2.0
170	1580	2.5
170	1639	3.5
170	1721	2.5
170	1923	2.5
170	2012	3.0
170	2174	0.5
170	2571	3.5
170	2683	3.5
170	2700	3.5
170	2706	3.0
170	2762	3.5
170	2858	3.5
170	2959	5.0
170	2997	3.0
170	3623	2.5
170	3793	3.0
170	3897	2.0
170	3949	4.5
170	4011	4.0
170	4226	4.0
170	4306	0.5
170	4878	5.0
170	4886	2.5
170	4963	4.0
170	6377	2.0
170	6807	4.0
170	8874	4.0
170	44191	4.0
170	45728	5.0
175	1	4.0
175	6	5.0
175	19	0.5
175	21	0.5
175	25	2.0
175	36	5.0
175	47	1.0
175	50	5.0
175	104	5.0
175	105	4.0
175	110	5.0
175	111	5.0
175	150	5.0
175	172	2.0
175	208	0.5
175	253	3.0
175	260	0.5
175	288	5.0
175	292	3.0
175	293	5.0
175	296	5.0
175	300	4.0
175	307	5.0
175	318	5.0
175	344	4.0
175	349	5.0
175	356	5.0
175	357	4.0
175	364	5.0
175	367	3.0
175	380	1.0
175	457	5.0
175	480	5.0
175	500	4.0
175	509	4.5
175	527	5.0
175	529	5.0
175	539	4.0
175	541	5.0
175	587	3.0
175	588	5.0
175	589	3.0
175	590	2.0
175	592	4.0
175	593	5.0
175	595	5.0
175	597	4.0
175	608	5.0
175	648	3.5
175	733	4.0
175	858	5.0
175	903	5.0
175	904	5.0
175	912	5.0
175	913	4.5
175	922	5.0
175	923	5.0
175	930	4.0
175	1036	4.0
175	1079	3.5
175	1080	3.5
175	1089	5.0
175	1090	5.0
175	1094	4.0
175	1131	5.0
175	1136	5.0
175	1179	4.0
175	1183	5.0
175	1197	5.0
175	1200	5.0
175	1201	5.0
175	1203	4.0
175	1204	5.0
175	1208	5.0
175	1209	5.0
175	1210	5.0
175	1212	5.0
175	1213	4.0
175	1216	5.0
175	1219	5.0
175	1221	3.5
175	1225	5.0
175	1228	5.0
175	1234	4.0
175	1240	5.0
175	1245	4.0
175	1252	4.0
175	1258	5.0
175	1259	5.0
175	1263	4.0
175	1265	2.0
175	1266	5.0
175	1270	4.0
175	1278	5.0
175	1283	3.0
175	1284	4.0
175	1288	5.0
175	1299	4.0
175	1320	3.0
175	1387	3.5
175	1393	3.5
175	1394	5.0
175	1527	3.5
175	1552	3.0
175	1580	4.0
175	1584	3.0
175	1617	5.0
175	1639	4.0
175	1721	5.0
175	1732	5.0
175	1921	5.0
175	1923	3.5
175	1953	5.0
175	1961	5.0
175	1968	4.0
175	2019	5.0
175	2028	5.0
175	2194	3.0
175	2206	3.5
175	2291	5.0
175	2302	0.5
175	2313	4.0
175	2396	4.0
175	2406	3.0
175	2407	5.0
175	2502	5.0
175	2571	5.0
175	2706	3.5
175	2716	3.5
175	2728	4.0
175	2731	5.0
175	2762	4.0
175	2819	5.0
175	2858	5.0
175	2871	5.0
175	2905	5.0
175	2916	3.0
175	2917	3.5
175	2921	4.0
175	2947	5.0
175	2959	5.0
175	2987	3.5
175	2997	5.0
175	3030	5.0
175	3052	1.0
175	3147	5.0
175	3359	5.0
175	3362	4.0
175	3421	5.0
175	3435	4.0
175	3462	5.0
175	3481	4.0
175	3498	3.5
175	3578	5.0
175	3681	5.0
175	3683	5.0
175	3783	4.0
175	3911	3.5
175	3949	5.0
175	4011	5.0
175	4019	5.0
175	4027	5.0
175	4034	3.0
175	4103	5.0
175	4226	5.0
175	4878	3.0
175	4886	4.0
175	5300	4.0
175	5446	5.0
175	5498	3.5
175	5669	4.0
175	5747	5.0
175	5952	5.0
175	5995	5.0
175	6001	5.0
175	6218	5.0
175	6331	5.0
175	6377	5.0
175	6461	5.0
175	6650	5.0
175	6662	5.0
175	6669	4.0
175	6711	5.0
175	6787	5.0
175	6874	5.0
175	6953	2.0
175	7143	3.0
175	7147	4.0
175	7153	5.0
175	7215	5.0
175	7361	5.0
175	7438	3.0
175	7728	4.0
175	7762	5.0
175	7766	4.0
175	7938	5.0
175	8665	5.0
175	8810	0.5
175	8949	4.0
175	32587	4.0
175	33794	5.0
175	39292	5.0
175	44195	5.0
175	51540	4.0
175	54286	5.0
190	1	4.5
190	2	4.0
190	7	2.0
190	110	4.0
190	141	0.5
190	150	4.5
190	161	3.0
190	188	1.0
190	196	1.0
190	198	1.0
190	231	1.0
190	236	2.5
190	260	5.0
190	296	0.5
190	316	3.5
190	356	4.0
190	367	3.0
190	368	3.0
190	380	2.5
190	480	4.5
190	500	2.0
190	529	3.5
190	539	2.0
190	541	4.0
190	552	4.0
190	588	4.0
190	589	5.0
190	592	1.0
190	593	0.5
190	661	2.0
190	673	1.0
190	708	2.5
190	736	3.0
190	780	4.0
190	858	1.0
190	998	1.0
190	1028	4.0
190	1036	4.0
190	1127	3.5
190	1136	4.5
190	1183	1.0
190	1197	5.0
190	1200	4.0
190	1210	3.5
190	1240	4.5
190	1265	4.0
190	1269	1.0
190	1270	4.0
190	1271	2.0
190	1275	3.5
190	1291	4.0
190	1301	4.0
190	1320	2.0
190	1374	4.5
190	1391	1.0
190	1438	2.5
190	1485	3.0
190	1527	3.5
190	1580	4.0
190	1582	1.0
190	1584	3.5
190	1590	0.5
190	1625	2.0
190	1641	0.5
190	1653	3.5
190	1676	1.5
190	1682	3.5
190	1721	2.5
190	1748	3.5
190	1779	2.0
190	1958	2.0
190	1967	5.0
190	1968	1.0
190	1994	3.5
190	2003	1.5
190	2028	4.0
190	2093	4.5
190	2105	4.5
190	2115	2.0
190	2116	4.0
190	2138	4.0
190	2143	3.0
190	2161	4.0
190	2174	4.0
190	2193	4.5
190	2253	1.0
190	2268	2.0
190	2294	4.0
190	2297	4.0
190	2302	1.0
190	2355	3.5
190	2392	1.0
190	2396	2.0
190	2414	4.0
190	2424	2.5
190	2478	3.5
190	2501	3.5
190	2502	3.0
190	2529	4.0
190	2571	5.0
190	2617	3.0
190	2640	2.5
190	2700	0.5
190	2706	0.5
190	2716	4.0
190	2761	5.0
190	2762	4.0
190	2763	2.5
190	2826	4.0
190	2872	4.0
190	2915	0.5
190	2959	0.5
190	2987	4.0
190	3000	5.0
190	3020	1.0
190	3039	3.5
190	3081	3.5
190	3114	4.0
190	3156	3.5
190	3174	1.0
190	3175	4.5
190	3247	3.0
190	3300	3.5
190	3471	2.5
190	3499	0.5
190	3527	4.0
190	3534	1.0
190	3578	4.0
190	3593	1.5
190	3615	3.5
190	3699	1.0
190	3745	4.0
190	3751	3.0
190	3793	5.0
190	3981	2.5
190	3988	2.5
190	3997	4.0
190	4022	4.5
190	4025	2.0
190	4047	4.0
190	4148	0.5
190	4275	4.0
190	4306	4.5
190	4308	1.0
190	4370	2.5
190	4446	3.5
190	4467	4.0
190	4734	0.5
190	4874	3.5
190	4886	3.5
190	4896	5.0
190	4941	4.0
190	4992	2.5
190	4995	4.0
190	5026	2.0
190	5039	4.0
190	5444	2.5
190	5445	3.5
190	5618	5.0
190	5669	1.0
190	5944	2.0
190	5952	5.0
190	5971	4.0
190	5989	3.0
190	6157	2.0
190	6333	3.5
190	6350	3.5
190	6365	4.0
190	6373	3.0
190	6534	1.0
190	6537	3.0
190	6539	5.0
190	6754	3.5
190	6874	3.0
190	6934	4.0
190	6947	4.0
190	7075	4.0
190	7099	4.5
190	7143	2.5
190	7147	3.0
190	7153	5.0
190	7373	4.0
190	7438	1.5
190	8360	4.0
190	8376	1.0
190	8810	3.5
190	8865	2.5
190	8965	3.0
190	8972	3.5
190	8985	2.0
190	9005	2.0
190	26203	2.5
190	27611	4.5
190	31660	3.0
190	33493	3.5
190	33794	4.5
190	34048	3.5
190	34405	5.0
190	36401	4.0
190	36529	2.0
190	37386	3.5
190	37857	3.0
190	39183	0.5
190	40815	4.0
190	42738	3.5
190	43560	3.0
190	43928	3.0
190	45447	1.0
190	45499	3.0
190	45722	4.5
190	46530	2.0
190	49272	4.0
190	50872	3.5
190	52722	2.5
190	53125	4.0
190	53464	3.0
190	54001	4.5
190	54259	4.0
190	58559	4.5
190	59315	4.0
190	64497	3.0
267	1	2.5
267	10	3.0
267	25	2.0
267	47	3.5
267	48	2.0
267	50	3.5
267	110	3.0
267	111	3.5
267	150	3.5
267	151	3.0
267	153	2.5
267	161	2.0
267	165	3.0
267	170	2.5
267	172	2.0
267	185	2.0
267	196	2.0
267	208	3.5
267	225	2.0
267	231	1.0
267	253	2.5
267	260	3.0
267	292	2.5
267	293	3.5
267	296	2.5
267	316	3.0
267	318	4.5
267	339	2.0
267	344	0.5
267	348	3.5
267	353	3.5
267	356	4.0
267	357	3.5
267	367	2.0
267	370	0.5
267	380	2.5
267	393	1.5
267	420	2.0
267	442	2.0
267	457	3.5
267	480	3.0
267	485	1.5
267	500	2.5
267	509	2.5
267	515	3.0
267	519	2.0
267	520	1.5
267	527	3.0
267	541	4.0
267	589	4.5
267	590	3.5
267	592	3.0
267	593	3.0
267	597	3.0
267	608	2.5
267	611	1.0
267	648	2.5
267	653	2.5
267	674	2.5
267	733	2.5
267	736	2.0
267	762	1.5
267	778	3.0
267	780	1.5
267	784	1.0
267	832	2.0
267	858	2.5
267	903	3.5
267	923	4.0
267	963	2.0
267	1036	3.5
267	1060	2.5
267	1079	2.5
267	1080	3.0
267	1089	3.0
267	1090	3.0
267	1094	3.5
267	1120	2.0
267	1127	3.5
267	1136	3.5
267	1199	4.0
267	1200	4.0
267	1201	4.0
267	1204	3.5
267	1208	3.5
267	1210	3.0
267	1212	3.5
267	1219	3.0
267	1221	3.0
267	1225	3.0
267	1234	4.0
267	1237	5.0
267	1240	3.5
267	1244	4.5
267	1246	3.0
267	1247	3.0
267	1252	3.0
267	1259	4.0
267	1261	3.5
267	1266	4.0
267	1270	3.5
267	1275	3.0
267	1287	3.0
267	1288	3.0
267	1291	3.0
267	1307	3.0
267	1320	3.0
267	1344	3.0
267	1370	3.0
267	1387	3.0
267	1391	1.5
267	1393	2.0
267	1407	1.0
267	1408	3.5
267	1464	3.5
267	1527	3.5
267	1544	2.0
267	1552	2.0
267	1573	2.5
267	1580	2.5
267	1584	2.5
267	1587	3.5
267	1590	2.5
267	1597	3.0
267	1617	4.0
267	1625	3.0
267	1641	3.0
267	1645	2.5
267	1653	4.0
267	1673	3.5
267	1676	2.5
267	1721	2.0
267	1722	3.0
267	1732	3.0
267	1748	4.0
267	1784	2.5
267	1831	1.0
267	1876	2.0
267	1889	3.5
267	1917	2.0
267	1921	3.5
267	1923	1.0
267	1954	3.0
267	1961	2.5
267	1978	0.5
267	2003	2.5
267	2011	2.0
267	2012	2.0
267	2019	4.5
267	2028	2.5
267	2094	2.5
267	2115	3.0
267	2167	2.0
267	2273	2.5
267	2291	2.5
267	2376	3.0
267	2383	0.5
267	2402	2.0
267	2407	3.5
267	2408	2.0
267	2455	3.0
267	2467	3.0
267	2529	4.0
267	2533	4.0
267	2571	4.0
267	2617	2.5
267	2640	3.0
267	2657	4.0
267	2671	2.5
267	2686	2.5
267	2701	2.5
267	2706	0.5
267	2707	2.5
267	2722	2.0
267	2728	2.5
267	2746	2.5
267	2762	3.5
267	2787	3.5
267	2858	3.0
267	2890	2.5
267	2916	4.0
267	2947	3.0
267	2948	3.0
267	2949	3.0
267	2959	3.0
267	2966	4.5
267	2985	3.0
267	2986	2.5
267	2997	3.0
267	3000	4.0
267	3030	4.0
267	3033	2.0
267	3052	3.5
267	3081	1.5
267	3176	2.5
267	3328	3.5
267	3386	3.0
267	3408	2.0
267	3418	2.5
267	3471	3.0
267	3481	3.5
267	3483	3.0
267	3527	3.0
267	3534	2.5
267	3578	3.5
267	3593	1.5
267	3638	3.0
267	3639	3.0
267	3654	2.5
267	3681	4.5
267	3697	2.5
267	3698	2.5
267	3702	4.0
267	3703	3.5
267	3704	3.5
267	3707	2.5
267	3735	3.0
267	3753	1.5
267	3788	3.5
267	3791	3.0
267	3793	3.0
267	3869	1.0
267	3897	3.0
267	3910	0.5
267	3946	2.0
267	3977	2.0
267	3981	3.0
267	3994	3.0
267	4005	3.0
267	4022	3.5
267	4027	3.5
267	4041	3.0
267	4085	3.5
267	4104	0.5
267	4105	3.0
267	4161	1.0
267	4215	2.0
267	4226	3.5
267	4234	2.5
267	4275	3.0
267	4310	2.0
267	4343	2.5
267	4369	2.0
267	4370	1.5
267	4383	2.5
267	4388	0.5
267	4467	4.0
267	4640	3.0
267	4643	2.0
267	4718	1.0
267	4848	3.0
267	4963	2.5
267	4979	3.0
267	4995	3.5
267	5219	2.0
267	5313	2.5
267	5378	2.5
267	5445	2.5
267	5481	2.0
267	5530	2.0
267	5617	3.0
267	5618	3.0
267	5669	3.5
267	5791	3.0
267	5903	3.0
267	5944	3.0
267	5952	3.5
267	5995	3.5
267	6239	2.5
267	6333	2.5
267	6365	3.5
267	6377	3.0
267	6502	3.0
267	6534	2.5
267	6537	2.5
267	6539	2.5
267	6564	2.5
267	6709	1.0
267	6754	2.5
267	6863	3.5
267	6870	2.5
267	6874	3.0
267	6880	1.5
267	6947	3.0
267	6975	4.0
267	7001	2.5
267	7009	1.5
267	7070	3.0
267	7076	3.5
267	7099	3.5
267	7114	2.5
267	7123	2.5
267	7132	3.5
267	7143	3.0
267	7153	3.0
267	7360	3.0
267	7361	3.5
267	7371	4.0
267	7373	2.5
267	7387	4.0
267	7438	3.0
267	7439	2.0
267	7704	1.0
267	7817	2.5
267	7842	3.0
267	7925	3.5
267	8207	3.5
267	8371	2.5
267	8949	3.5
267	30812	2.0
267	32017	1.0
267	33493	2.0
267	33794	3.5
267	40278	3.0
267	41285	2.0
267	44191	2.5
267	44199	2.0
267	48774	3.0
267	51540	2.5
267	52328	3.5
267	54286	2.5
267	54997	2.0
267	55247	3.0
267	55269	3.0
267	55276	2.0
267	55805	0.5
267	55820	2.0
267	56339	3.5
267	57528	1.5
325	1	4.0
325	5	3.0
325	7	3.5
325	11	4.5
325	50	4.5
325	165	4.5
325	256	4.5
325	318	4.5
325	342	3.5
325	356	3.5
325	357	1.0
325	364	4.0
325	370	4.0
325	380	4.5
325	474	5.0
325	480	4.0
325	500	4.0
325	587	4.5
325	589	4.5
325	590	1.0
325	597	4.5
325	628	5.0
325	648	1.5
325	778	5.0
325	858	5.0
325	866	3.5
325	904	3.5
325	923	4.0
325	1028	4.5
325	1031	3.0
325	1035	3.5
325	1036	5.0
325	1079	3.0
325	1080	5.0
325	1125	5.0
325	1129	4.0
325	1136	4.5
325	1197	3.5
325	1201	3.5
325	1207	3.5
325	1208	4.0
325	1213	5.0
325	1219	3.5
325	1221	5.0
325	1225	5.0
325	1234	4.0
325	1240	4.5
325	1246	1.5
325	1258	3.5
325	1270	4.5
325	1288	4.0
325	1291	4.5
325	1292	1.0
325	1304	4.5
325	1307	3.5
325	1321	4.5
325	1350	5.0
325	1367	4.0
325	1370	4.5
325	1371	3.5
325	1372	4.0
325	1373	4.0
325	1374	4.5
325	1375	4.5
325	1376	5.0
325	1387	4.0
325	1391	4.0
325	1466	4.0
325	1542	4.0
325	1580	5.0
325	1617	5.0
325	1641	2.5
325	1643	4.0
325	1665	4.0
325	1674	3.5
325	1682	2.5
325	1721	3.5
325	1784	4.5
325	1954	2.0
325	1961	5.0
325	2000	4.5
325	2001	4.5
325	2009	4.0
325	2011	4.5
325	2023	5.0
325	2054	3.0
325	2078	4.5
325	2100	4.5
325	2115	4.5
325	2124	5.0
325	2268	4.5
325	2355	4.0
325	2379	1.0
325	2380	0.5
325	2381	0.5
325	2382	0.5
325	2383	0.5
325	2390	3.5
325	2406	4.0
325	2407	4.0
325	2409	1.0
325	2410	1.0
325	2411	1.0
325	2463	4.5
325	2524	4.0
325	2565	3.5
325	2640	4.0
325	2671	3.5
325	2716	3.5
325	2746	1.0
325	2770	4.0
325	2791	5.0
325	2797	3.5
325	2916	3.5
325	2944	4.0
325	2985	3.5
325	2987	4.0
325	2991	4.5
325	3034	5.0
325	3039	4.0
325	3102	5.0
325	3175	4.5
325	3247	4.5
325	3249	4.5
325	3471	2.5
325	3489	4.0
325	3498	5.0
325	3499	4.5
325	3507	4.0
325	3508	3.0
325	3524	4.0
325	3635	4.0
325	3638	4.0
325	3639	2.5
325	3671	4.5
325	3681	4.5
325	3699	4.5
325	3702	1.0
325	3868	4.0
325	3869	4.5
325	3911	4.0
325	3948	4.5
325	4025	2.5
325	4085	4.0
325	4306	4.0
325	4308	1.0
325	4326	4.0
325	4327	4.0
325	4361	4.0
325	4489	4.0
325	4499	5.0
325	4558	4.0
325	4623	3.5
325	4709	3.5
325	4848	3.5
325	4855	4.0
325	4857	4.5
325	4886	5.0
325	4963	2.5
325	4979	1.0
325	5308	4.0
325	5469	0.5
325	5943	1.0
325	5958	1.5
325	6212	2.5
325	6374	1.0
325	6377	5.0
325	6550	1.5
325	6662	5.0
325	6663	4.5
325	6732	3.0
325	6793	4.0
325	6808	5.0
325	6873	0.5
325	6893	4.5
325	6944	3.5
325	7004	4.0
325	7073	2.5
325	7325	4.5
325	7618	3.5
325	8387	0.5
325	8501	4.5
325	8596	5.0
325	8614	4.5
325	8623	4.0
325	8665	4.0
325	8907	2.5
325	8965	2.5
325	8978	1.0
325	30816	4.0
325	30825	4.5
325	31162	4.5
325	31223	4.0
325	31685	4.5
325	32017	1.5
325	32296	2.0
325	33615	3.5
325	33794	3.5
325	34162	3.0
325	37741	2.5
325	38798	2.5
325	41566	3.5
325	45074	2.5
325	45208	4.5
325	45431	3.0
325	45517	4.0
325	45720	3.5
325	45726	2.5
325	46337	2.0
325	46972	2.0
325	47629	5.0
325	48516	4.0
325	48738	4.5
325	49274	3.5
325	49961	4.0
325	50872	3.5
325	51255	4.5
325	53993	3.5
325	54286	4.5
325	55267	4.0
325	55768	3.5
325	56176	1.5
325	60126	4.0
383	6	3.0
383	21	3.5
383	25	3.0
383	36	4.0
383	50	5.0
383	62	4.0
383	111	4.0
383	141	4.5
383	161	3.5
383	165	0.5
383	185	1.0
383	208	2.5
383	253	3.0
383	260	4.0
383	292	3.0
383	296	4.0
383	316	1.0
383	318	5.0
383	349	3.0
383	350	0.5
383	357	3.0
383	367	0.5
383	368	0.5
383	380	0.5
383	442	1.0
383	457	4.5
383	480	3.0
383	508	5.0
383	509	5.0
383	539	3.5
383	541	4.5
383	587	1.5
383	589	1.0
383	593	4.0
383	597	1.0
383	608	4.0
383	648	3.0
383	733	1.5
383	736	1.5
383	786	1.0
383	788	0.5
383	858	4.0
383	1079	4.5
383	1208	5.0
383	1221	4.0
383	1225	4.5
383	1265	4.0
383	1279	5.0
383	1307	4.0
383	1393	3.0
383	1527	4.0
383	1580	3.0
383	1584	3.5
383	1617	4.0
383	1704	3.5
383	1784	4.0
383	1923	3.0
383	1961	3.5
383	2028	3.0
383	2571	4.0
383	2683	0.5
383	2706	1.0
383	2716	1.5
383	2762	4.5
383	2858	4.0
383	2997	4.0
383	3114	4.5
383	3328	5.0
383	3578	3.5
383	3793	0.5
383	4226	4.5
383	4886	3.0
383	4995	4.0
383	5445	3.0
383	5618	5.0
383	5952	4.0
383	5989	3.5
383	6377	4.0
383	6669	5.0
383	6711	5.0
383	6867	4.5
383	7153	5.0
383	7361	0.5
383	26828	0.5
383	33493	3.5
383	33794	3.0
383	34437	4.5
383	39183	5.0
383	41585	0.5
383	45720	3.5
383	46578	4.0
476	16	3.0
476	19	1.0
476	47	5.0
476	50	4.0
476	110	4.0
476	126	0.5
476	147	3.0
476	151	4.0
476	161	3.5
476	172	4.0
476	185	3.0
476	260	4.5
476	292	2.0
476	293	4.0
476	296	4.5
476	316	4.0
476	318	4.0
476	356	4.0
476	364	4.5
476	368	2.0
476	442	3.0
476	457	4.0
476	480	4.0
476	497	4.0
476	515	4.0
476	516	2.5
476	527	4.0
476	541	5.0
476	588	4.5
476	589	4.0
476	593	4.5
476	608	4.0
476	653	2.5
476	678	4.5
476	733	4.0
476	778	4.5
476	780	3.5
476	903	4.5
476	922	4.0
476	923	4.5
476	991	3.0
476	1036	4.0
476	1080	4.0
476	1089	3.5
476	1120	4.0
476	1127	3.5
476	1136	4.5
476	1183	4.5
476	1199	4.0
476	1200	4.0
476	1201	3.0
476	1208	4.0
476	1210	4.5
476	1221	4.0
476	1237	5.0
476	1240	4.0
476	1252	4.5
476	1258	4.0
476	1259	4.0
476	1291	4.0
476	1304	4.0
476	1307	4.5
476	1358	4.5
476	1381	2.0
476	1387	4.0
476	1391	3.0
476	1394	3.5
476	1464	4.5
476	1527	5.0
476	1542	3.0
476	1552	3.0
476	1556	1.0
476	1573	4.5
476	1580	3.0
476	1584	4.0
476	1593	4.0
476	1617	4.0
476	1625	4.0
476	1635	5.0
476	1653	4.0
476	1676	4.0
476	1682	4.5
476	1732	3.5
476	1748	4.0
476	1784	4.0
476	1921	4.0
476	1961	4.5
476	1974	1.5
476	2019	4.5
476	2021	4.0
476	2028	4.0
476	2076	5.0
476	2161	4.5
476	2174	4.0
476	2183	4.0
476	2193	4.0
476	2278	1.0
476	2296	2.0
476	2302	2.5
476	2318	4.5
476	2337	2.5
476	2353	3.0
476	2355	3.5
476	2395	4.0
476	2396	4.5
476	2420	4.0
476	2424	3.5
476	2450	3.0
476	2455	2.0
476	2467	4.0
476	2505	4.0
476	2571	4.5
476	2572	3.0
476	2580	4.0
476	2594	4.0
476	2600	4.5
476	2683	3.5
476	2706	4.0
476	2712	4.5
476	2728	4.5
476	2762	3.0
476	2840	4.5
476	2858	5.0
476	2916	4.0
476	2959	5.0
476	2985	2.5
476	2990	2.0
476	2997	4.5
476	3000	5.0
476	3030	4.0
476	3146	3.0
476	3147	4.0
476	3160	5.0
476	3203	4.0
476	3271	4.0
476	3317	4.5
476	3418	3.0
476	3481	4.0
476	3527	3.0
476	3556	4.5
476	3578	4.5
476	3654	4.0
476	3751	4.0
476	3793	3.0
476	3897	4.5
476	3910	4.5
476	3949	4.5
476	3994	3.0
476	3998	3.5
476	4008	4.0
476	4011	3.0
476	4027	3.5
476	4148	4.0
476	4178	4.0
476	4226	4.0
476	4306	4.0
476	4367	1.0
476	4370	4.5
476	4467	4.0
476	4487	2.5
476	4848	5.0
476	4862	3.0
476	4874	2.5
476	4878	4.5
476	4896	4.0
476	4901	3.5
476	4963	3.0
476	4979	3.5
476	5013	4.0
476	5015	4.0
476	5065	4.0
476	5377	4.0
476	5378	4.0
476	5445	4.0
476	5459	3.0
476	5617	4.0
476	5669	4.5
476	5792	4.0
476	5952	4.0
476	5954	4.0
476	5971	4.5
476	5989	4.0
476	6104	5.0
476	6159	3.5
476	6294	3.0
476	6323	3.0
476	6333	3.0
476	6350	4.5
476	6365	2.5
476	6377	4.5
476	6440	3.5
476	6537	4.0
476	6538	3.5
476	6539	2.0
476	6541	0.5
476	6595	1.0
476	6620	3.5
476	6645	3.0
476	6708	4.5
476	6711	5.0
476	6787	2.0
476	6807	4.0
476	6863	3.5
476	6874	2.0
476	6947	4.0
476	6979	4.0
476	6986	4.0
476	7073	5.0
476	7099	4.0
476	7143	4.0
476	7153	4.5
476	7154	3.0
476	7285	1.0
476	7325	3.0
476	7346	3.5
476	7348	3.5
476	7361	4.0
476	7362	3.0
476	7458	3.0
476	7569	4.0
476	7841	3.0
476	7842	3.0
476	7925	5.0
476	8228	4.0
476	8340	4.0
476	8360	3.5
476	8371	2.0
476	8493	3.5
476	8501	4.5
476	8528	3.5
476	8638	4.0
476	8640	2.5
476	8665	4.0
476	8784	3.5
476	8836	4.0
476	8860	3.5
476	8874	4.0
476	8972	3.5
476	26776	4.5
476	27904	3.5
476	31685	4.0
476	32587	4.0
476	33493	4.0
476	33794	4.0
476	34319	4.0
476	36529	4.0
476	38038	4.0
476	40815	4.0
476	44191	3.5
476	46578	3.5
476	49272	4.5
476	50872	4.5
476	51255	2.0
476	51540	4.0
476	52287	4.0
477	47	4.5
477	50	5.0
477	165	4.5
477	260	4.0
477	293	5.0
477	296	4.0
477	318	5.0
477	491	3.5
477	527	5.0
477	541	4.5
477	588	4.0
477	593	5.0
477	858	5.0
477	903	4.0
477	912	4.5
477	1036	5.0
477	1064	3.0
477	1080	4.0
477	1089	4.0
477	1090	4.0
477	1136	5.0
477	1197	3.5
477	1200	4.5
477	1201	4.5
477	1204	4.5
477	1210	4.5
477	1213	4.5
477	1219	4.5
477	1221	4.5
477	1225	5.0
477	1242	4.0
477	1266	4.5
477	1272	4.5
477	1291	5.0
477	1370	2.5
477	1617	4.0
477	1644	2.5
477	1760	1.0
477	1882	3.0
477	2019	4.5
477	2028	4.0
477	2085	3.5
477	2094	4.0
477	2116	1.5
477	2124	3.5
477	2571	4.5
477	2762	4.5
477	2791	4.5
477	2807	2.0
477	2959	4.5
477	3555	4.5
477	3949	4.0
477	4159	3.5
477	4226	4.5
477	4321	4.0
477	4370	3.5
477	4775	0.5
477	4792	2.0
477	4896	4.5
477	5009	3.5
477	5378	3.0
477	5523	0.5
477	5618	5.0
477	5952	4.5
477	5995	4.5
477	6502	4.5
477	6587	0.5
477	7153	5.0
477	7361	3.5
477	7841	3.0
477	8169	3.5
477	8874	4.5
477	8977	2.5
477	30749	5.0
477	32587	4.0
477	33493	3.5
477	33794	4.5
477	34405	5.0
477	35836	3.0
477	36529	4.5
477	37386	1.5
477	39292	3.5
477	40815	4.5
477	41997	4.0
477	43936	3.5
477	44191	4.0
477	44195	4.0
477	44199	4.0
477	46578	4.0
477	48516	5.0
477	48774	5.0
477	48780	4.5
477	49272	4.5
477	49530	3.5
477	51086	0.5
477	51255	3.5
477	52245	3.5
477	52281	4.5
477	53972	4.0
477	54001	4.0
493	1	3.5
493	7	3.0
493	11	3.5
493	18	4.5
493	19	2.0
493	20	3.0
493	21	2.5
493	22	4.0
493	27	3.5
493	31	3.0
493	36	3.5
493	45	4.0
493	47	4.0
493	50	5.0
493	52	3.5
493	74	3.0
493	89	3.5
493	92	3.0
493	94	4.0
493	105	3.0
493	110	3.0
493	141	3.0
493	147	4.0
493	150	3.0
493	151	3.0
493	164	3.0
493	168	3.0
493	170	3.0
493	179	3.0
493	185	3.0
493	186	3.0
493	194	2.5
493	195	2.5
493	215	4.0
493	218	3.5
493	224	3.5
493	225	3.0
493	235	3.0
493	236	2.0
493	253	3.0
493	256	3.0
493	260	4.5
493	280	4.5
493	282	4.0
493	288	5.0
493	292	3.5
493	293	3.5
493	296	4.0
493	299	5.0
493	300	3.5
493	307	3.5
493	318	5.0
493	339	4.0
493	342	4.0
493	344	2.0
493	345	4.0
493	350	3.5
493	356	4.0
493	357	4.0
493	364	4.5
493	365	3.5
493	367	2.5
493	372	4.0
493	376	3.0
493	381	4.0
493	412	3.0
493	457	3.5
493	468	3.0
493	469	3.0
493	474	4.0
493	480	3.5
493	481	4.0
493	491	3.5
493	497	5.0
493	500	3.0
493	508	4.0
493	509	4.0
493	527	4.0
493	531	4.0
493	539	3.5
493	541	4.0
493	552	3.5
493	587	3.5
493	588	4.5
493	595	4.0
493	597	4.0
493	605	3.5
493	608	3.5
493	628	4.0
493	653	3.5
493	673	3.0
493	708	3.5
493	778	4.0
493	780	3.0
493	802	2.5
493	832	2.5
493	836	3.0
493	838	3.0
493	858	4.0
493	920	3.5
493	991	3.0
493	1027	4.5
493	1035	4.0
493	1036	4.0
493	1041	4.0
493	1047	3.5
493	1056	3.0
493	1057	2.5
493	1079	3.5
493	1088	4.0
493	1089	5.0
493	1094	4.0
493	1100	2.5
493	1120	3.0
493	1183	3.5
493	1186	4.0
493	1197	5.0
493	1210	4.0
493	1213	4.0
493	1224	4.0
493	1245	4.0
493	1246	5.0
493	1259	5.0
493	1268	4.0
493	1270	5.0
493	1271	4.0
493	1285	2.5
493	1291	3.5
493	1307	4.0
493	1343	3.0
493	1354	4.0
493	1385	3.0
493	1393	4.0
493	1396	3.5
493	1407	2.0
493	1409	3.0
493	1441	4.0
493	1466	3.0
493	1488	3.5
493	1498	3.0
493	1500	3.0
493	1527	3.5
493	1541	3.0
493	1552	3.5
493	1569	4.0
493	1573	2.5
493	1580	3.0
493	1586	3.5
493	1597	3.0
493	1611	4.0
493	1617	3.0
493	1619	3.0
493	1625	3.0
493	1641	4.0
493	1645	2.5
493	1653	3.5
493	1658	3.5
493	1668	3.5
493	1673	4.0
493	1674	4.0
493	1680	4.5
493	1682	4.0
493	1704	4.5
493	1721	3.5
493	1732	3.5
493	1735	3.0
493	1747	2.5
493	1777	3.0
493	1784	4.0
493	1801	3.5
493	1805	2.0
493	1844	4.5
493	1873	3.0
493	1884	3.0
493	1916	4.0
493	1917	3.0
493	1923	3.0
493	1961	4.5
493	1968	4.5
493	2000	3.5
493	2005	4.5
493	2006	2.5
493	2011	4.0
493	2012	3.5
493	2020	3.0
493	2025	3.5
493	2028	3.0
493	2052	3.0
493	2054	3.0
493	2081	4.0
493	2094	3.0
493	2100	3.5
493	2106	3.5
493	2125	3.5
493	2133	4.5
493	2144	4.0
493	2145	4.0
493	2146	3.0
493	2161	4.5
493	2166	3.5
493	2174	3.5
493	2193	3.5
493	2194	3.5
493	2231	3.0
493	2245	4.0
493	2268	4.0
493	2272	3.0
493	2289	3.5
493	2291	4.0
493	2302	4.0
493	2318	4.0
493	2321	4.0
493	2340	3.0
493	2387	3.0
493	2396	4.0
493	2420	3.5
493	2424	3.0
493	2467	4.0
493	2474	3.0
493	2497	3.0
493	2539	2.5
493	2541	3.0
493	2571	3.5
493	2572	3.5
493	2577	3.0
493	2581	3.0
493	2657	4.0
493	2671	4.0
493	2683	2.5
493	2686	3.0
493	2688	3.0
493	2690	3.0
493	2706	2.5
493	2712	3.5
493	2713	2.0
493	2716	3.5
493	2724	1.0
493	2734	3.0
493	2762	4.5
493	2797	4.5
493	2803	3.0
493	2805	2.5
493	2840	2.5
493	2858	4.0
493	2890	3.5
493	2908	4.5
493	2918	3.5
493	2959	4.5
493	2961	3.0
493	2987	3.5
493	2997	4.5
493	3006	3.0
493	3052	3.0
493	3053	3.5
493	3072	3.5
493	3081	4.0
493	3083	4.5
493	3100	3.5
493	3101	4.0
493	3105	4.0
493	3125	3.5
493	3129	4.0
493	3147	3.5
493	3148	4.0
493	3160	3.5
493	3161	2.5
493	3169	3.5
493	3176	3.0
493	3186	3.5
493	3252	3.5
493	3253	3.5
493	3257	3.0
493	3259	2.5
493	3263	3.0
493	3273	2.0
493	3301	2.5
493	3317	3.0
493	3328	4.0
493	3355	3.5
493	3386	3.0
493	3408	3.5
493	3418	4.0
493	3481	3.5
493	3489	4.0
493	3499	4.0
493	3505	3.5
493	3536	3.0
493	3556	4.0
493	3578	4.0
493	3686	3.5
493	3793	3.0
493	3798	1.5
493	3826	3.0
493	3882	2.5
493	3897	3.5
493	3909	2.5
493	3948	2.5
493	3949	5.0
493	3952	3.0
493	3953	2.5
493	3969	3.5
493	3983	3.5
493	3993	4.0
493	3994	3.0
493	3998	2.5
493	4008	4.0
493	4011	4.0
493	4014	3.5
493	4019	2.0
493	4020	3.0
493	4022	3.0
493	4025	3.0
493	4027	5.0
493	4029	2.5
493	4034	3.0
493	4041	3.5
493	4062	3.5
493	4067	3.0
493	4085	3.0
493	4091	4.0
493	4103	5.0
493	4121	3.5
493	4155	3.0
493	4161	3.5
493	4169	3.0
493	4205	3.5
493	4226	4.0
493	4239	3.0
493	4306	4.0
493	4307	5.0
493	4308	4.5
493	4351	3.5
493	4361	4.0
493	4370	3.0
493	4372	3.0
493	4447	1.5
493	4474	3.5
493	4487	4.0
493	4521	3.5
493	4537	4.5
493	4558	3.5
493	4621	3.5
493	4639	3.0
493	4641	4.0
493	4643	3.0
493	4718	2.5
493	4720	3.0
493	4823	3.5
493	4848	4.5
493	4865	4.0
493	4874	3.0
493	4878	3.5
493	4881	4.0
493	4886	4.0
493	4901	3.0
493	4963	3.5
493	4975	3.0
493	4992	3.0
493	4995	4.0
493	5013	4.0
493	5015	4.0
493	5151	3.0
493	5152	3.0
493	5218	4.5
493	5265	3.0
493	5296	2.5
493	5312	3.0
493	5316	3.0
493	5334	3.0
493	5364	3.5
493	5377	4.0
493	5378	3.0
493	5388	3.0
493	5415	3.0
493	5445	3.5
493	5463	3.0
493	5464	3.0
493	5481	2.0
493	5530	2.5
493	5553	3.5
493	5617	3.5
493	5618	5.0
493	5620	3.0
493	5625	3.5
493	5668	3.0
493	5791	3.0
493	5812	3.0
493	5817	3.5
493	5878	4.0
493	5903	3.0
493	5942	2.0
493	5943	3.0
493	5945	3.0
493	5954	5.0
493	5956	4.0
493	5957	3.5
493	5989	3.5
493	5991	4.0
493	5995	4.0
493	6003	3.5
493	6027	3.0
493	6060	3.0
493	6155	3.5
493	6218	4.0
493	6252	2.5
493	6281	3.5
493	6323	3.5
493	6377	4.0
493	6378	3.0
493	6493	3.0
493	6539	5.0
493	6614	3.0
493	6687	2.5
493	6709	3.5
493	6711	4.0
493	6763	2.0
493	6810	3.0
493	6832	3.0
493	6870	4.5
493	6873	3.5
493	6874	4.0
493	6879	3.5
493	6881	3.0
493	6890	3.5
493	6927	3.0
493	6932	4.0
493	6942	3.0
493	6950	3.0
493	6953	4.0
493	6979	3.5
493	7018	4.0
493	7048	3.5
493	7139	4.0
493	7143	3.0
493	7147	4.0
493	7149	4.0
493	7151	3.0
493	7154	3.0
493	7158	4.0
493	7162	3.0
493	7285	3.5
493	7293	3.0
493	7347	3.0
493	7361	4.5
493	7367	3.0
493	7371	4.5
493	7377	3.0
493	7444	3.0
493	7458	4.0
493	8024	3.0
493	8254	3.5
493	8361	3.0
493	8373	3.0
493	8665	3.5
493	8783	3.0
493	8784	3.0
493	8813	3.5
493	8833	3.0
493	8836	3.0
493	8866	3.0
493	8868	2.5
493	8869	2.5
493	8910	4.5
493	8916	3.0
493	8919	3.5
493	8948	2.5
493	8949	3.0
493	8950	3.0
493	8951	3.0
493	8958	4.0
493	8972	3.0
493	8981	3.0
493	8984	2.5
493	26680	3.0
493	27821	3.0
493	30749	3.5
493	30812	3.0
493	30822	3.0
493	30850	1.5
493	30898	2.5
493	31114	3.5
493	31433	3.5
493	32291	3.0
493	32584	3.5
493	32587	4.5
493	32596	2.5
493	33145	4.0
493	33166	3.0
493	33493	3.0
493	33669	3.5
493	33794	3.5
493	34048	3.0
493	34162	2.5
493	34319	3.5
493	34336	3.5
493	34437	3.5
493	34523	3.5
493	34528	3.0
493	35836	3.0
493	35957	3.0
493	36401	2.5
493	36517	3.5
493	36525	3.5
493	36527	2.5
493	36537	3.0
493	37475	2.0
493	37729	4.0
493	37733	3.5
493	38061	3.5
493	38499	3.0
493	38798	3.0
493	39183	5.0
493	39231	2.5
493	39234	3.0
493	39292	3.0
493	39427	3.0
493	39435	3.0
493	39449	4.0
493	40278	3.0
493	40583	3.0
493	40819	4.0
493	40870	4.0
493	40966	2.5
493	41285	4.5
493	41566	3.5
493	41573	3.0
493	41863	3.0
493	42004	4.0
493	42007	3.0
493	42015	2.5
493	42021	2.5
493	42418	3.0
493	44161	3.5
493	44191	3.0
493	44195	3.5
493	44199	3.0
493	44694	4.0
493	44929	2.0
493	45081	2.0
493	45668	2.5
493	45720	3.0
493	45722	3.5
493	45726	1.0
493	45732	2.5
493	45880	3.5
493	46578	3.5
493	46723	3.5
493	46967	2.5
493	47202	4.0
493	47423	3.0
493	47970	3.0
493	48043	4.0
493	48412	2.5
493	48516	3.5
493	48696	3.5
493	48738	4.0
493	48774	2.5
493	48780	3.5
493	48783	3.0
493	49530	4.0
493	49772	3.0
493	49961	5.0
493	50162	4.0
493	50442	3.0
493	50601	3.5
493	50802	1.0
493	50872	3.0
493	51540	4.0
493	52241	4.0
493	52328	3.0
493	52604	2.5
493	52668	2.5
493	52967	4.0
493	52975	3.5
493	53125	3.0
493	53322	3.0
493	53988	3.5
493	54259	4.0
493	54286	4.0
493	54745	3.5
493	54796	3.0
493	55052	3.5
493	55080	3.5
493	55094	3.0
493	55118	4.0
493	55247	5.0
493	55269	4.0
493	55276	3.0
493	55280	5.0
493	55288	3.0
493	55290	3.0
493	55805	3.5
493	55814	5.0
493	55820	3.5
493	55872	3.0
493	56274	2.5
493	56286	4.0
493	56333	3.0
493	56367	4.0
493	56757	3.5
493	56788	2.0
493	57669	4.0
493	58078	2.5
493	58103	3.0
493	58105	3.5
493	58154	3.0
493	58246	2.0
493	58334	3.5
493	58347	3.5
493	58418	2.0
493	58490	3.0
493	58559	3.0
493	58803	3.0
493	58998	3.5
493	59315	3.0
493	59725	2.0
493	61071	2.5
498	19	1.5
498	344	3.0
498	345	3.0
498	585	2.5
498	1060	4.0
498	1127	3.0
498	1203	4.0
498	1244	4.5
498	1297	4.5
498	1541	2.5
498	1729	2.5
498	2015	3.5
498	2124	3.5
498	2133	4.0
498	2262	3.0
498	2407	2.5
498	2424	2.5
498	2572	3.0
498	3070	4.5
498	3420	3.5
498	3814	5.0
498	4370	2.0
498	4464	3.5
498	4467	4.0
498	5377	4.0
498	5437	4.0
498	5523	1.0
498	5923	4.0
498	5945	3.0
498	6346	3.5
498	6502	3.5
498	7193	3.0
498	52245	3.5
533	1	5.0
533	2	4.0
533	7	2.5
533	11	3.5
533	17	5.0
533	22	4.0
533	25	3.5
533	29	4.5
533	31	3.0
533	34	4.0
533	36	5.0
533	45	4.0
533	46	3.5
533	47	4.0
533	50	4.0
533	62	3.0
533	89	2.0
533	105	4.0
533	110	4.0
533	141	3.5
533	150	5.0
533	151	3.0
533	153	2.0
533	163	3.0
533	168	3.5
533	172	2.0
533	174	1.0
533	176	2.0
533	180	3.5
533	185	3.0
533	186	3.5
533	190	3.0
533	202	3.0
533	203	4.0
533	207	3.0
533	208	4.0
533	215	5.0
533	224	4.5
533	229	4.0
533	235	5.0
533	253	5.0
533	255	1.0
533	256	3.0
533	260	5.0
533	280	4.0
533	292	3.0
533	296	5.0
533	300	4.0
533	303	3.0
533	307	5.0
533	316	3.0
533	317	4.0
533	318	5.0
533	319	3.0
533	322	3.0
533	327	2.5
533	332	3.0
533	339	3.0
533	342	4.0
533	345	4.0
533	346	4.0
533	348	5.0
533	356	3.0
533	357	4.0
533	360	3.0
533	364	4.0
533	368	3.0
533	376	4.0
533	412	4.0
533	425	4.0
533	432	3.0
533	440	3.5
533	447	4.0
533	452	4.0
533	457	4.0
533	480	4.0
533	490	4.0
533	492	4.0
533	497	5.0
533	500	4.0
533	508	5.0
533	509	4.5
533	514	3.0
533	515	5.0
533	518	3.0
533	520	4.0
533	527	5.0
533	529	3.5
533	539	4.0
533	540	3.0
533	541	4.0
533	552	4.0
533	556	4.5
533	581	4.0
533	585	3.0
533	587	4.0
533	588	4.0
533	589	5.0
533	590	4.0
533	592	4.0
533	593	4.0
533	595	4.0
533	597	4.0
533	605	3.0
533	608	4.5
533	616	5.0
533	647	4.0
533	648	4.0
533	653	3.0
533	661	3.0
533	678	4.5
533	708	4.0
533	714	3.0
533	733	3.0
533	736	3.0
533	766	3.0
533	780	4.0
533	784	4.0
533	818	3.0
533	832	4.0
533	837	3.0
533	838	4.5
533	858	5.0
533	899	5.0
533	902	4.5
533	903	5.0
533	904	5.0
533	906	4.0
533	908	5.0
533	911	5.0
533	912	5.0
533	913	5.0
533	914	5.0
533	915	5.0
533	916	5.0
533	918	4.0
533	920	4.0
533	922	5.0
533	923	4.0
533	926	4.0
533	927	4.0
533	930	5.0
533	953	5.0
533	969	5.0
533	1013	4.0
533	1027	4.0
533	1028	5.0
533	1031	4.0
533	1035	5.0
533	1036	4.0
533	1041	2.5
533	1042	3.0
533	1049	3.0
533	1077	4.0
533	1079	5.0
533	1080	5.0
533	1084	4.0
533	1086	4.0
533	1088	3.0
533	1089	3.0
533	1094	5.0
533	1100	2.0
533	1104	4.0
533	1111	4.0
533	1127	4.0
533	1129	4.0
533	1131	4.5
533	1132	5.0
533	1136	5.0
533	1171	5.0
533	1183	4.0
533	1186	5.0
533	1197	5.0
533	1199	5.0
533	1200	5.0
533	1201	5.0
533	1203	4.5
533	1204	5.0
533	1207	4.5
533	1208	5.0
533	1209	5.0
533	1210	5.0
533	1212	5.0
533	1219	5.0
533	1221	5.0
533	1225	5.0
533	1228	3.5
533	1230	4.0
533	1231	5.0
533	1234	5.0
533	1237	2.0
533	1240	4.0
533	1242	5.0
533	1243	5.0
533	1244	5.0
533	1246	4.0
533	1247	5.0
533	1252	5.0
533	1253	4.0
533	1256	4.0
533	1257	5.0
533	1258	5.0
533	1259	4.0
533	1261	4.5
533	1265	5.0
533	1266	5.0
533	1267	5.0
533	1270	5.0
533	1271	4.0
533	1272	5.0
533	1275	2.0
533	1276	5.0
533	1278	5.0
533	1283	4.5
533	1285	4.5
533	1288	3.5
533	1291	4.0
533	1292	4.0
533	1293	5.0
533	1298	4.0
533	1301	4.0
533	1304	3.5
533	1307	4.0
533	1321	4.0
533	1340	4.5
533	1345	4.0
533	1347	4.0
533	1356	4.0
533	1357	4.0
533	1358	4.5
533	1370	3.0
533	1371	3.0
533	1372	4.0
533	1373	2.0
533	1374	5.0
533	1375	4.0
533	1376	4.0
533	1377	4.0
533	1387	5.0
533	1391	2.0
533	1392	4.0
533	1393	3.0
533	1394	5.0
533	1407	4.0
533	1408	5.0
533	1414	4.0
533	1441	5.0
533	1457	2.0
533	1466	3.0
533	1479	3.0
533	1480	4.0
533	1485	2.5
533	1498	4.0
533	1513	4.0
533	1527	3.0
533	1544	3.0
533	1569	3.0
533	1573	3.5
533	1580	4.0
533	1584	4.0
533	1594	4.0
533	1611	3.0
533	1614	3.5
533	1617	5.0
533	1633	4.0
533	1635	5.0
533	1639	3.0
533	1641	5.0
533	1643	4.0
533	1653	4.0
533	1665	3.0
533	1673	4.0
533	1680	4.0
533	1682	4.0
533	1688	3.0
533	1693	3.5
533	1704	4.0
533	1719	4.0
533	1721	4.0
533	1727	4.0
533	1747	3.0
533	1748	5.0
533	1784	4.0
533	1801	4.0
533	1831	2.5
533	1880	4.0
533	1882	3.0
533	1883	3.0
533	1895	3.5
533	1909	3.0
533	1914	4.0
533	1921	4.0
533	1923	4.0
533	1950	4.5
533	1952	5.0
533	1953	3.5
533	1954	4.0
533	1955	4.0
533	1961	4.0
533	1962	4.0
533	1967	4.0
533	1968	3.0
533	1986	2.0
533	1991	3.5
533	1997	4.0
533	2003	4.0
533	2004	3.5
533	2005	4.0
533	2009	4.0
533	2011	4.0
533	2012	3.0
533	2014	4.0
533	2019	5.0
533	2021	3.0
533	2025	3.5
533	2028	3.0
533	2029	4.0
533	2046	3.0
533	2054	2.0
533	2067	4.5
533	2072	3.0
533	2076	4.0
533	2081	4.0
533	2085	4.0
533	2087	4.0
533	2100	3.5
533	2105	4.0
533	2109	5.0
533	2115	4.0
533	2125	4.0
533	2133	4.0
533	2134	3.0
533	2137	4.0
533	2143	4.0
533	2144	3.0
533	2145	3.0
533	2147	3.0
533	2161	4.5
533	2174	3.0
533	2176	4.5
533	2193	3.0
533	2206	4.0
533	2231	4.0
533	2243	4.0
533	2248	4.0
533	2268	4.0
533	2289	5.0
533	2291	5.0
533	2294	3.0
533	2297	3.0
533	2301	2.0
533	2302	4.0
533	2312	4.0
533	2313	5.0
533	2316	2.5
533	2318	5.0
533	2321	4.0
533	2333	4.0
533	2336	4.0
533	2346	4.0
533	2355	3.0
533	2363	4.0
533	2364	3.5
533	2371	4.0
533	2372	3.5
533	2391	5.0
533	2393	3.0
533	2395	4.0
533	2396	4.0
533	2398	4.0
533	2407	3.0
533	2408	2.0
533	2420	3.5
533	2423	4.5
533	2424	3.0
533	2428	4.0
533	2455	4.0
533	2469	4.0
533	2474	4.0
533	2501	4.0
533	2502	5.0
533	2529	4.0
533	2539	3.0
533	2551	4.0
533	2571	4.0
533	2572	3.0
533	2581	3.0
533	2594	4.0
533	2600	4.0
533	2606	3.0
533	2612	3.0
533	2617	3.0
533	2639	3.5
533	2640	4.0
533	2641	4.0
533	2642	2.5
533	2643	2.0
533	2657	4.0
533	2662	4.0
533	2686	4.0
533	2701	2.0
533	2712	4.0
533	2716	5.0
533	2717	3.0
533	2723	3.0
533	2731	5.0
533	2739	5.0
533	2746	4.0
533	2761	5.0
533	2762	5.0
533	2770	3.0
533	2771	4.0
533	2778	3.0
533	2791	5.0
533	2794	4.5
533	2797	3.0
533	2841	3.5
533	2842	4.0
533	2852	3.5
533	2858	4.0
533	2867	2.5
533	2868	2.5
533	2871	4.5
533	2872	4.0
533	2890	5.0
533	2908	5.0
533	2915	2.0
533	2916	3.0
533	2918	5.0
533	2941	4.5
533	2947	3.0
533	2948	3.5
533	2949	3.5
533	2952	5.0
533	2953	2.0
533	2959	4.0
533	2966	4.0
533	2985	3.0
533	2987	2.0
533	2993	4.0
533	2997	5.0
533	3000	4.0
533	3005	3.0
533	3006	3.5
533	3022	5.0
533	3033	4.0
533	3039	4.5
533	3044	4.0
533	3052	4.0
533	3053	3.5
533	3071	4.0
533	3087	3.5
533	3090	4.5
533	3091	4.0
533	3095	5.0
533	3100	4.0
533	3101	4.0
533	3104	4.0
533	3105	4.0
533	3107	4.0
533	3114	4.0
533	3128	4.5
533	3160	5.0
533	3168	4.0
533	3174	4.0
533	3175	5.0
533	3176	5.0
533	3179	4.0
533	3181	4.0
533	3185	4.0
533	3186	3.5
533	3196	4.5
533	3201	4.0
533	3207	2.0
533	3210	4.0
533	3219	4.0
533	3247	2.0
533	3250	4.0
533	3251	2.0
533	3253	5.0
533	3255	4.0
533	3257	3.0
533	3258	3.0
533	3259	3.0
533	3260	5.0
533	3263	3.0
533	3264	3.0
533	3317	4.0
533	3362	4.0
533	3363	3.5
533	3365	5.0
533	3388	1.0
533	3391	3.0
533	3396	5.0
533	3397	5.0
533	3398	5.0
533	3408	3.5
533	3418	4.0
533	3424	4.0
533	3435	4.0
533	3450	4.0
533	3451	4.0
533	3457	4.0
533	3461	4.0
533	3462	5.0
533	3469	4.0
533	3471	4.0
533	3480	4.0
533	3481	3.0
533	3489	3.0
533	3498	4.5
533	3499	5.0
533	3504	5.0
533	3524	3.5
533	3526	4.0
533	3527	2.5
533	3528	3.5
533	3529	3.0
533	3543	3.0
533	3554	4.0
533	3578	3.5
533	3591	3.0
533	3623	3.0
533	3635	4.0
533	3683	4.0
533	3684	4.0
533	3699	3.0
533	3702	4.0
533	3704	3.5
533	3730	5.0
533	3745	4.0
533	3751	4.0
533	3770	4.0
533	3791	4.0
533	3793	4.0
533	3798	3.0
533	3809	3.0
533	3814	3.0
533	3863	3.0
533	3877	3.0
533	3897	3.0
533	3911	4.0
533	3959	4.0
533	3969	2.5
533	3977	3.0
533	3993	3.5
533	3994	4.0
533	4008	4.0
533	4014	4.0
533	4016	3.0
533	4022	3.0
533	4027	5.0
533	4029	4.0
533	4034	5.0
533	4036	4.0
533	4039	4.0
533	4041	3.0
533	4080	3.0
533	4091	3.5
533	4103	5.0
533	4105	4.0
533	4121	3.0
533	4128	4.0
533	4132	3.0
533	4143	3.0
533	4190	4.0
533	4204	2.0
533	4205	3.5
533	4210	4.0
533	4226	5.0
533	4247	2.0
533	4276	4.0
533	4292	4.5
533	4306	4.0
533	4308	2.0
533	4317	3.0
533	4321	3.5
533	4322	4.0
533	4349	4.0
533	4361	4.0
533	4370	4.0
533	4427	4.0
533	4447	3.5
533	4465	4.0
533	4478	3.0
533	4487	3.0
533	4489	3.0
533	4508	4.5
533	4520	3.0
533	4536	4.0
533	4544	1.5
533	4545	2.0
533	4558	3.0
533	4564	3.0
533	4571	4.0
533	4599	4.0
533	4616	4.0
533	4621	3.0
533	4643	3.0
533	4676	3.0
533	4703	4.5
533	4720	4.5
533	4770	3.0
533	4799	4.0
533	4808	3.5
533	4814	3.5
533	4816	3.0
533	4823	3.0
533	4835	3.5
533	4848	4.0
533	4873	3.0
533	4874	3.0
533	4881	4.0
533	4888	4.0
533	4896	3.0
533	4963	4.0
533	4974	3.0
533	4975	3.0
533	4979	4.5
533	4980	2.5
533	5013	4.0
533	5039	4.0
533	5060	4.0
533	5108	2.0
533	5128	2.0
533	5177	3.0
533	5226	3.0
533	5237	3.0
533	5265	4.5
533	5297	3.0
533	5308	3.0
533	5377	4.5
533	5378	2.0
533	5388	4.5
533	5427	3.0
533	5444	3.0
533	5445	4.5
533	5463	3.0
533	5464	4.0
533	5470	4.5
533	5472	4.0
533	5548	3.0
533	5601	4.0
533	5617	4.5
533	5618	4.5
533	5665	3.0
533	5679	4.0
533	5693	3.0
533	5729	1.0
533	5802	2.0
533	5812	5.0
533	5843	2.0
533	5872	3.5
533	5878	3.5
533	5938	5.0
533	5944	3.0
533	5952	5.0
533	5954	4.0
533	5963	4.0
533	5971	4.5
533	5989	5.0
533	6062	3.0
533	6104	4.0
533	6157	2.0
533	6184	2.0
533	6218	3.5
533	6273	4.0
533	6297	4.5
533	6308	3.0
533	6316	3.0
533	6323	3.0
533	6333	4.5
533	6350	4.5
533	6377	3.5
533	6436	4.5
533	6502	4.0
533	6534	4.5
533	6539	4.0
533	6620	5.0
533	6659	4.0
533	6711	5.0
533	6744	2.5
533	6754	3.0
533	6787	4.5
533	6807	3.0
533	6810	4.0
533	6832	4.0
533	6856	4.5
533	6863	4.5
533	6867	4.0
533	6870	4.5
533	6874	2.0
533	6881	4.5
533	6947	4.0
533	6950	4.0
533	7001	4.0
533	7009	4.0
533	7065	3.5
533	7072	4.0
533	7139	4.0
533	7143	3.5
533	7147	3.5
533	7151	4.0
533	7153	5.0
533	7158	3.5
533	7160	4.5
533	7173	3.0
533	7222	3.5
533	7250	4.0
533	7361	5.0
533	7371	4.5
533	7386	4.5
533	7387	2.0
533	7438	3.0
533	7481	3.5
533	7569	4.0
533	7581	4.0
533	7618	4.5
533	7624	4.0
533	7707	3.5
533	7728	4.5
533	7811	4.0
533	7891	3.0
533	7925	4.0
533	8169	2.5
533	8207	4.5
533	8221	3.5
533	8228	5.0
533	8254	2.5
533	8340	4.5
533	8360	3.5
533	8378	3.5
533	8459	3.0
533	8638	5.0
533	8665	4.5
533	8711	4.0
533	8753	4.5
533	8783	3.0
533	8796	3.5
533	8800	3.5
533	8865	4.0
533	8870	3.0
533	8874	4.5
533	8884	2.0
533	8949	4.0
533	8958	3.0
533	8966	4.5
533	8981	4.5
533	27721	2.0
533	27904	3.5
533	30749	5.0
533	30812	3.0
533	30820	4.5
533	32587	4.0
533	33493	3.5
533	33794	4.0
533	34143	3.0
533	34405	4.5
533	34520	3.0
533	34528	3.0
533	35836	4.0
533	36401	3.5
533	36517	3.0
533	37733	2.0
533	37857	4.0
533	38038	4.0
533	38886	3.5
533	39183	4.5
533	39292	4.0
533	40278	3.5
533	40614	3.0
533	40815	4.0
533	40819	4.0
533	41863	2.5
533	42011	3.5
533	44191	4.5
533	44195	4.0
533	45447	3.5
533	45499	3.5
533	45728	3.0
533	45880	2.0
533	45928	4.5
533	46530	3.5
533	46578	3.0
533	47261	3.5
533	47423	2.0
533	48043	4.5
533	48516	4.0
533	48774	3.5
533	48780	3.5
533	48783	2.5
533	49272	4.0
533	49396	2.5
533	51077	1.5
533	51255	3.5
533	52722	3.0
533	54001	3.0
533	54286	4.0
533	55820	4.0
533	56251	4.0
533	57640	4.0
533	58559	4.0
533	59315	4.5
533	59615	3.5
533	60040	3.5
545	1	4.0
545	6	5.0
545	10	2.5
545	16	4.5
545	34	4.0
545	47	5.0
545	50	5.0
545	104	2.5
545	110	4.5
545	111	5.0
545	150	3.5
545	153	2.0
545	165	4.0
545	231	4.5
545	235	4.0
545	253	4.0
545	260	2.0
545	292	3.5
545	293	5.0
545	296	5.0
545	316	3.5
545	318	5.0
545	344	3.0
545	349	2.0
545	350	2.0
545	356	5.0
545	357	3.0
545	364	4.0
545	367	3.0
545	368	2.5
545	380	4.0
545	428	2.5
545	457	4.0
545	480	4.0
545	500	3.0
545	527	4.0
545	529	5.0
545	539	3.5
545	541	4.5
545	587	3.0
545	588	3.5
545	589	5.0
545	590	4.0
545	592	3.0
545	593	4.0
545	597	3.0
545	608	5.0
545	648	5.0
545	733	4.0
545	736	3.5
545	778	4.5
545	780	3.0
545	858	5.0
545	904	3.0
545	923	4.0
545	1036	4.0
545	1079	3.0
545	1080	5.0
545	1089	5.0
545	1090	4.5
545	1095	4.0
545	1136	5.0
545	1197	3.5
545	1200	5.0
545	1201	5.0
545	1203	3.5
545	1208	5.0
545	1209	3.5
545	1210	2.0
545	1213	4.0
545	1221	5.0
545	1225	5.0
545	1228	3.5
545	1240	5.0
545	1242	3.0
545	1245	4.0
545	1247	5.0
545	1252	4.0
545	1258	5.0
545	1259	5.0
545	1261	5.0
545	1263	4.0
545	1265	5.0
545	1266	4.5
545	1270	5.0
545	1278	4.0
545	1288	4.5
545	1291	4.0
545	1304	4.0
545	1358	3.0
545	1387	4.0
545	1394	5.0
545	1466	3.5
545	1500	3.5
545	1580	4.0
545	1617	4.0
545	1625	4.5
545	1663	3.0
545	1673	4.5
545	1704	4.0
545	1721	3.0
545	1732	5.0
545	1954	4.5
545	1961	3.5
545	1968	3.0
545	2012	3.5
545	2019	3.5
545	2028	4.5
545	2194	4.5
545	2288	5.0
545	2313	4.0
545	2401	4.5
545	2502	4.0
545	2571	5.0
545	2580	3.5
545	2716	5.0
545	2728	3.5
545	2762	5.0
545	2788	5.0
545	2791	4.0
545	2797	4.0
545	2858	5.0
545	2918	4.0
545	2921	3.5
545	2947	3.0
545	2952	4.0
545	2959	5.0
545	2997	4.5
545	3000	2.5
545	3006	4.5
545	3039	3.5
545	3104	4.5
545	3114	4.0
545	3160	5.0
545	3271	2.5
545	3317	3.0
545	3362	4.5
545	3386	4.5
545	3421	1.5
545	3468	3.0
545	3471	2.5
545	3481	5.0
545	3499	4.0
545	3508	4.0
545	3671	4.0
545	3681	5.0
545	3683	3.0
545	3735	3.0
545	3814	3.0
545	3868	4.5
545	3897	4.5
545	3949	5.0
545	3950	4.0
545	4007	4.0
545	4011	4.5
545	4027	4.5
545	4034	3.5
545	4105	4.5
545	4226	4.5
545	4326	2.0
545	4465	3.5
545	4855	3.0
545	4878	4.5
545	4881	5.0
545	4886	4.5
545	4995	4.0
545	5294	3.5
545	5341	3.0
545	5377	3.0
545	5378	2.0
545	5464	4.0
545	5669	3.5
545	5952	4.5
545	5954	4.0
545	5959	3.5
545	5989	3.5
545	5995	4.5
545	6001	3.5
545	6062	4.0
545	6104	3.0
545	6377	4.5
545	6502	3.5
545	6620	3.0
545	6662	4.5
545	6663	3.0
545	6787	4.0
545	6796	3.5
545	6807	5.0
545	6867	3.5
545	6870	3.5
545	6874	4.5
545	6953	4.0
545	7073	5.0
545	7094	3.5
545	7139	4.0
545	7147	3.5
545	7153	5.0
545	7160	3.0
545	7361	4.0
545	7438	5.0
545	7802	4.5
545	7934	3.5
545	8340	4.0
545	8360	4.0
545	8638	4.0
545	8784	4.0
545	8798	4.5
545	8874	5.0
545	8949	4.5
545	8950	3.5
545	30749	2.5
545	30812	3.5
545	32587	4.5
545	33166	3.0
545	33493	3.5
545	33660	2.5
545	33794	3.5
545	34405	3.0
545	35836	3.0
545	37733	4.0
545	37741	3.0
545	38061	3.5
545	39183	3.5
545	40278	3.5
545	40815	2.5
545	41997	3.0
545	44191	2.0
545	44195	4.0
545	44199	3.5
545	45431	4.0
545	45517	4.0
545	48516	5.0
548	260	5.0
548	296	4.0
548	318	5.0
548	440	4.0
548	457	4.5
548	539	4.5
548	902	4.5
548	915	4.5
548	916	5.0
548	1060	5.0
548	1210	4.0
548	1271	5.0
548	1307	4.5
548	1376	4.0
548	1485	3.5
548	1584	4.5
548	2072	4.0
548	2407	4.0
548	2423	4.0
548	2502	4.5
548	2795	5.0
548	2797	4.0
548	2918	4.5
548	2990	4.0
548	3052	3.5
548	3100	5.0
548	3361	5.0
548	4896	4.5
580	1	5.0
580	370	5.0
580	432	5.0
580	494	3.0
580	832	3.0
580	1230	3.0
580	1288	2.0
580	1485	3.0
580	1500	5.0
580	1653	3.0
580	2054	3.0
580	2406	2.0
580	2502	2.0
580	2640	3.0
580	2700	3.0
580	3623	5.0
580	3897	3.0
580	4034	2.0
580	6874	4.0
580	7153	5.0
580	47423	4.0
622	1	4.0
622	10	4.5
622	26	4.0
622	47	5.0
622	110	4.5
622	150	4.5
622	165	5.0
622	231	4.0
622	253	5.0
622	260	5.0
622	296	5.0
622	318	4.5
622	356	4.5
622	364	4.0
622	442	4.5
622	480	4.0
622	541	3.5
622	589	4.0
622	590	4.5
622	593	5.0
622	628	5.0
622	688	3.0
622	780	5.0
622	836	4.5
622	1015	4.0
622	1203	5.0
622	1210	5.0
622	1213	4.0
622	1240	5.0
622	1391	4.0
622	1527	5.0
622	1653	5.0
622	1704	5.0
622	1961	4.5
622	2028	5.0
622	2115	5.0
622	2174	4.0
622	2471	3.5
622	2496	3.5
622	2571	5.0
622	2662	3.5
622	2683	4.5
622	2762	5.0
622	2858	5.0
622	2959	5.0
622	3147	5.0
622	3275	5.0
622	3686	5.0
622	3704	3.5
622	3745	4.0
622	4011	5.0
622	4027	5.0
622	4128	5.0
622	4306	3.5
622	4963	5.0
622	5445	4.5
622	5446	4.5
622	5630	5.0
622	5903	5.0
622	5952	4.5
622	5989	5.0
622	6365	5.0
622	6753	5.0
622	6934	5.0
622	7147	5.0
622	7153	5.0
622	7293	4.0
622	7361	5.0
622	8132	5.0
622	8665	5.0
622	8957	0.5
622	8984	4.5
622	32587	5.0
622	33166	5.0
622	34405	5.0
622	36529	5.0
622	39444	5.0
622	44191	5.0
622	46976	4.5
622	48043	5.0
622	48774	4.5
622	49272	4.5
622	49772	5.0
622	51931	5.0
622	53129	5.0
622	53322	4.5
622	54259	5.0
622	54286	5.0
622	54745	5.0
622	54997	2.0
622	55830	4.5
622	55872	5.0
622	55908	5.0
622	56171	5.0
622	56788	5.0
622	57640	4.5
622	58078	5.0
622	58559	5.0
622	59016	4.0
622	59103	4.5
622	59315	4.5
622	59615	5.0
622	59900	4.5
622	59985	5.0
622	60069	4.5
622	60072	5.0
622	60074	5.0
622	60514	4.5
636	5	2.5
636	11	3.5
636	16	4.0
636	19	2.0
636	50	3.5
636	161	4.0
636	165	3.5
636	224	4.0
636	231	2.5
636	236	2.5
636	260	3.5
636	268	2.0
636	288	0.5
636	293	4.5
636	296	4.0
636	315	2.0
636	318	4.0
636	344	1.5
636	357	4.0
636	364	3.5
636	367	2.5
636	370	3.5
636	380	3.5
636	420	1.5
636	457	4.0
636	466	3.5
636	480	2.5
636	508	3.0
636	516	2.5
636	520	3.0
636	527	4.5
636	588	2.5
636	589	3.5
636	590	3.5
636	592	3.5
636	593	3.0
636	595	3.5
636	597	3.5
636	648	2.5
636	733	3.0
636	760	3.5
636	778	2.0
636	780	3.5
636	836	2.0
636	858	5.0
636	904	3.0
636	912	4.5
636	913	3.5
636	923	2.5
636	969	3.5
636	1036	3.0
636	1079	4.0
636	1080	4.0
636	1086	3.5
636	1090	3.5
636	1104	1.5
636	1125	3.5
636	1136	4.0
636	1201	4.5
636	1203	3.5
636	1204	4.5
636	1208	3.5
636	1210	3.5
636	1212	3.0
636	1213	4.0
636	1221	5.0
636	1225	3.0
636	1246	3.0
636	1269	3.0
636	1270	3.5
636	1272	3.5
636	1278	3.0
636	1291	4.0
636	1371	3.0
636	1374	3.0
636	1375	3.0
636	1376	3.0
636	1387	1.0
636	1391	3.5
636	1393	2.5
636	1485	1.5
636	1556	2.5
636	1580	4.0
636	1617	4.0
636	1721	4.0
636	1729	3.0
636	1784	4.5
636	1876	3.0
636	1923	2.5
636	1931	4.5
636	1953	3.0
636	1961	3.0
636	2019	1.0
636	2020	1.5
636	2023	4.5
636	2028	4.0
636	2078	3.5
636	2115	3.0
636	2145	1.5
636	2186	3.5
636	2194	4.0
636	2212	3.5
636	2278	3.5
636	2294	1.5
636	2295	4.5
636	2302	3.5
636	2316	3.0
636	2380	2.0
636	2414	2.5
636	2427	2.5
636	2443	2.5
636	2471	2.5
636	2539	3.5
636	2540	2.0
636	2571	4.5
636	2605	4.0
636	2671	3.5
636	2683	2.0
636	2706	3.5
636	2762	4.0
636	2788	3.5
636	2803	3.5
636	2808	1.5
636	2944	4.0
636	2947	3.0
636	2990	2.0
636	2991	3.5
636	2993	2.5
636	3033	1.5
636	3060	3.0
636	3062	4.5
636	3066	4.0
636	3114	1.0
636	3147	3.0
636	3155	2.5
636	3176	3.0
636	3275	4.0
636	3301	3.5
636	3315	1.5
636	3323	1.5
636	3334	4.0
636	3339	3.5
636	3398	3.0
636	3481	2.0
636	3578	3.5
636	3623	2.0
636	3638	3.0
636	3654	4.0
636	3671	4.0
636	3751	3.5
636	3793	2.5
636	3836	4.5
636	3869	3.5
636	3948	3.0
636	3985	4.0
636	3998	3.0
636	4011	4.0
636	4014	2.5
636	4027	3.5
636	4034	3.0
636	4041	3.0
636	4085	3.0
636	4143	1.5
636	4200	1.5
636	4254	2.5
636	4326	2.5
636	4396	3.5
636	4397	3.0
636	4398	2.0
636	4448	3.5
636	4467	3.5
636	4562	3.5
636	4636	2.5
636	4661	2.0
636	4662	3.0
636	4896	3.0
636	4918	4.0
636	4963	3.0
636	4979	3.0
636	4980	2.0
636	5011	3.5
636	5060	2.5
636	5152	2.5
636	5250	2.5
636	5316	3.5
636	5378	2.0
636	5400	2.5
636	5420	2.0
636	5445	4.0
636	5449	3.0
636	5464	4.5
636	5479	3.5
636	5507	2.0
636	5541	3.5
636	5636	3.0
636	5678	3.5
636	5796	2.5
636	5878	2.0
636	5942	1.0
636	5945	3.0
636	5952	5.0
636	5956	1.0
636	5989	4.0
636	5991	2.0
636	5995	4.0
636	6003	3.0
636	6104	4.0
636	6181	3.5
636	6333	3.0
636	6378	2.5
636	6405	3.0
636	6437	4.5
636	6441	4.0
636	6539	2.5
636	6550	2.0
636	6662	4.0
636	6663	4.0
636	6709	2.5
636	6711	2.0
636	6763	1.5
636	6777	4.0
636	6807	4.0
636	6808	4.0
636	6862	2.0
636	6873	2.0
636	6874	3.0
636	6879	3.5
636	6893	4.0
636	6944	3.5
636	6947	4.5
636	6974	2.0
636	7027	3.5
636	7070	2.0
636	7076	2.5
636	7153	5.0
636	7173	2.5
636	7216	3.0
636	7293	2.5
636	7438	2.0
636	7828	3.5
636	8207	3.5
636	8337	4.0
636	8340	3.5
636	8373	1.5
636	8387	2.5
636	8493	3.0
636	8529	3.5
636	8614	2.0
636	8661	4.5
636	8665	3.5
636	8666	1.5
636	8700	3.5
636	8798	4.0
636	8879	3.5
636	8969	2.5
636	8984	3.0
636	25866	3.5
636	25888	3.5
636	25908	4.0
636	25916	3.5
636	26085	4.0
636	26138	4.5
636	26144	4.0
636	26491	4.0
636	27808	3.0
636	30659	3.5
636	31433	2.0
636	32587	2.0
636	32721	4.0
636	33499	2.0
636	33615	2.5
636	33794	3.0
636	36529	3.0
636	38038	4.5
636	41831	3.5
636	41997	3.5
636	42015	4.5
636	43871	3.0
636	44191	4.0
636	44199	3.5
636	44694	2.5
636	45186	2.5
636	45447	3.5
636	45501	3.0
636	45720	3.0
636	47629	3.5
636	48516	3.0
636	49272	3.5
636	49822	3.5
636	52694	3.0
636	53322	3.5
636	54276	3.0
636	54286	4.0
636	55052	3.0
636	55118	3.5
636	55276	4.0
636	55765	3.5
636	56788	3.5
636	59421	2.5
636	59725	2.5
637	110	5.0
637	168	4.0
637	315	4.0
637	903	4.0
637	1186	3.5
637	1210	4.0
637	1246	3.5
637	1266	3.5
637	1375	4.0
637	1909	4.5
637	1959	3.5
637	1961	3.5
637	2353	4.5
637	2762	4.0
637	4886	3.5
637	4995	4.5
637	5218	4.5
637	6874	4.0
637	33166	3.5
728	18	3.5
728	296	5.0
728	589	4.0
728	1089	4.0
728	1210	4.0
728	1240	4.0
728	1367	4.0
728	1729	4.5
728	1954	4.0
728	2023	4.0
728	2028	4.0
728	2571	5.0
728	3174	3.5
728	3275	5.0
728	3793	4.0
728	4011	5.0
728	5445	5.0
728	6874	5.0
728	7438	5.0
728	8665	5.0
728	32587	2.0
728	38061	4.0
728	49272	5.0
732	11	3.5
732	36	3.5
732	235	3.0
732	508	3.5
732	509	4.5
732	608	3.5
732	1207	4.5
732	1221	2.0
732	1225	4.5
732	1258	3.0
732	1259	3.5
732	1265	4.0
732	1271	3.0
732	1307	1.5
732	1485	4.0
732	1584	1.5
732	1704	3.0
732	2012	3.5
732	2054	3.0
732	2683	1.5
732	2858	3.0
732	2908	3.0
732	2997	3.0
732	3897	2.5
732	3911	3.5
732	4014	4.0
732	4019	3.5
732	4027	3.5
732	4326	3.0
732	4880	4.5
732	5377	4.5
732	5446	4.0
732	5618	0.5
732	6708	4.0
732	6867	4.5
732	7158	3.5
732	8784	4.5
732	8880	4.0
732	33166	4.5
732	34072	4.0
732	39183	3.0
783	3	2.0
783	7	3.5
783	150	3.5
783	260	3.5
783	318	3.5
783	339	3.5
783	344	3.0
783	357	3.5
783	367	3.5
783	370	2.5
783	380	2.0
783	457	4.0
783	480	2.0
783	539	3.5
783	541	4.5
783	587	3.5
783	588	4.0
783	593	0.5
783	608	4.5
783	653	2.0
783	736	3.5
783	912	4.0
783	923	2.5
783	1136	3.5
783	1230	3.5
783	1265	4.5
783	1270	4.0
783	1288	3.5
783	1304	2.5
783	1307	3.5
783	1374	3.5
783	1391	1.0
783	1394	4.5
783	1485	3.0
783	1500	5.0
783	1580	2.5
783	1721	2.5
783	1923	2.5
783	1961	2.5
783	2001	2.5
783	2011	3.0
783	2012	3.5
783	2054	2.0
783	2115	2.5
783	2174	2.0
783	2321	3.0
783	2396	3.5
783	2406	2.0
783	2571	3.5
783	2657	4.0
783	2716	4.0
783	2916	3.0
783	2987	3.5
783	2997	1.5
783	3052	1.5
783	3253	3.0
783	3462	3.5
783	3481	2.0
783	3623	2.0
783	3751	4.0
783	3897	3.5
783	4014	3.5
783	4306	4.5
783	4499	3.0
783	4886	4.0
783	4896	3.0
783	4992	4.0
783	4995	1.0
783	5083	3.0
783	5218	1.5
783	5265	0.5
783	5377	3.0
783	5459	2.0
783	5618	2.5
783	5829	4.0
783	5952	4.0
783	6155	3.0
783	6218	3.0
783	6377	4.0
783	6539	3.0
783	6807	3.5
783	6863	2.5
783	6942	4.5
783	7147	2.5
783	7153	4.5
783	7293	4.5
783	7346	3.0
783	7361	3.5
783	7366	3.5
783	7367	2.0
783	7444	1.5
783	8360	2.5
783	8665	3.0
783	8784	3.5
783	8874	2.0
783	33794	2.5
783	34162	2.5
783	34332	3.0
783	38038	4.0
783	40815	3.0
783	42734	2.0
783	44022	1.5
783	44191	5.0
783	47518	3.0
788	1	4.0
788	2	4.5
788	3	3.5
788	6	4.5
788	10	3.5
788	19	3.5
788	21	3.5
788	31	5.0
788	34	4.0
788	42	4.0
788	47	5.0
788	48	2.5
788	50	4.5
788	110	4.5
788	122	2.5
788	145	5.0
788	153	3.5
788	161	4.0
788	163	4.0
788	165	4.0
788	170	3.0
788	172	2.5
788	196	3.0
788	208	4.0
788	231	4.0
788	256	3.0
788	288	4.0
788	292	4.0
788	293	4.5
788	318	4.5
788	344	4.5
788	353	4.5
788	356	4.5
788	364	5.0
788	367	4.0
788	379	3.0
788	380	4.5
788	393	2.0
788	409	4.0
788	420	3.5
788	435	2.5
788	457	4.0
788	464	3.5
788	466	3.0
788	474	4.0
788	480	4.5
788	485	3.5
788	500	4.0
788	508	4.0
788	510	4.0
788	520	4.0
788	527	5.0
788	529	4.5
788	587	4.5
788	588	4.0
788	589	5.0
788	592	5.0
788	593	5.0
788	595	4.5
788	597	4.5
788	606	4.5
788	648	3.5
788	653	4.0
788	704	2.5
788	733	4.0
788	736	3.0
788	780	4.5
788	784	4.0
788	786	3.5
788	788	4.0
788	802	4.0
788	832	4.0
788	858	4.0
788	866	4.0
788	923	3.5
788	953	4.0
788	990	2.5
788	998	4.5
788	1036	5.0
788	1080	2.5
788	1090	4.5
788	1095	4.0
788	1200	5.0
788	1208	4.5
788	1219	4.5
788	1221	5.0
788	1240	3.5
788	1242	5.0
788	1245	4.0
788	1258	3.5
788	1270	4.5
788	1291	4.5
788	1307	4.0
788	1320	4.0
788	1342	5.0
788	1370	4.5
788	1377	3.5
788	1387	4.5
788	1391	4.0
788	1393	4.0
788	1407	4.0
788	1447	4.5
788	1485	4.5
788	1497	2.0
788	1527	4.0
788	1544	3.0
788	1552	3.5
788	1573	4.0
788	1580	4.0
788	1584	3.5
788	1587	4.0
788	1617	4.0
788	1645	5.0
788	1653	4.5
788	1662	4.0
788	1676	4.5
788	1682	4.5
788	1704	4.0
788	1721	4.5
788	1722	3.5
788	1748	4.5
788	1840	4.5
788	1876	2.5
788	1917	4.5
788	1923	4.0
788	1954	5.0
788	2000	4.5
788	2001	4.0
788	2006	3.5
788	2011	4.0
788	2012	3.5
788	2023	4.0
788	2028	4.5
788	2076	2.5
788	2081	3.5
788	2100	3.5
788	2115	4.0
788	2174	4.0
788	2194	4.0
788	2196	2.0
788	2265	2.5
788	2291	5.0
788	2355	3.5
788	2384	3.5
788	2396	4.0
788	2407	4.0
788	2408	4.0
788	2424	2.5
788	2529	4.5
788	2571	5.0
788	2587	3.5
788	2617	3.5
788	2640	3.0
788	2672	5.0
788	2699	3.5
788	2700	4.5
788	2706	4.0
788	2716	4.0
788	2722	4.5
788	2762	4.5
788	2797	4.0
788	2807	2.0
788	2808	3.5
788	2858	4.0
788	2860	4.5
788	2916	4.0
788	2959	5.0
788	2985	4.5
788	2987	4.5
788	2997	3.5
788	3005	5.0
788	3006	4.5
788	3050	4.0
788	3052	3.5
788	3053	4.5
788	3081	4.0
788	3105	3.5
788	3113	3.0
788	3114	3.0
788	3147	4.5
788	3173	3.5
788	3252	4.0
788	3257	4.5
788	3273	3.5
788	3298	4.0
788	3300	4.5
788	3328	4.0
788	3444	3.5
788	3527	4.5
788	3555	3.0
788	3578	5.0
788	3623	3.5
788	3646	4.0
788	3698	4.0
788	3717	3.5
788	3751	2.5
788	3753	4.0
788	3793	4.0
788	3865	3.5
788	3898	4.0
788	3916	4.5
788	3948	4.0
788	3949	4.0
788	3969	4.5
788	3977	2.5
788	3980	4.0
788	3986	3.5
788	3994	4.0
788	4011	3.5
788	4016	4.0
788	4019	5.0
788	4020	3.5
788	4022	2.5
788	4027	4.0
788	4148	4.0
788	4164	2.5
788	4199	3.0
788	4200	3.0
788	4223	4.0
788	4226	4.5
788	4306	4.5
788	4367	4.0
788	4369	3.0
788	4370	5.0
788	4388	3.5
788	4558	3.5
788	4640	4.0
788	4720	4.5
788	4725	3.5
788	4734	3.5
788	4745	2.5
788	4815	3.5
788	4865	3.5
788	4874	4.0
788	4886	4.5
788	4958	3.0
788	4963	4.0
788	4995	4.5
788	5010	4.0
788	5026	4.0
788	5093	2.5
788	5152	4.0
788	5218	4.5
788	5219	4.5
788	5254	4.0
788	5294	3.5
788	5316	3.5
788	5388	4.5
788	5444	4.0
788	5445	4.5
788	5506	4.5
788	5530	4.0
788	5618	4.0
788	5630	4.0
788	5669	4.5
788	5679	4.5
788	5872	3.5
788	5903	4.5
788	5943	4.0
788	5952	4.0
788	5955	5.0
788	5956	4.5
788	5989	4.0
788	5995	4.5
788	6014	4.5
788	6057	4.0
788	6185	4.0
788	6188	3.5
788	6196	2.5
788	6213	5.0
788	6214	5.0
788	6219	3.0
788	6222	4.0
788	6281	4.0
788	6294	2.5
788	6323	5.0
788	6330	3.5
788	6333	4.0
788	6365	4.5
788	6377	4.0
788	6378	4.0
788	6502	4.5
788	6536	4.0
788	6537	4.0
788	6538	4.0
788	6539	4.0
788	6548	4.5
788	6564	4.0
788	6567	3.5
788	6595	3.5
788	6617	3.5
788	6664	3.5
788	6708	4.0
788	6711	3.0
788	6753	4.5
788	6754	4.0
788	6764	4.0
788	6862	5.0
788	6863	4.0
788	6868	3.5
788	6870	3.0
788	6874	4.5
788	6879	4.0
788	6887	4.0
788	6888	3.0
788	6932	4.0
788	6947	3.5
788	6957	3.5
788	6995	1.5
788	7004	3.5
788	7008	4.0
788	7014	4.0
788	7048	4.5
788	7143	5.0
788	7147	4.0
788	7151	4.0
788	7153	4.0
788	7158	4.0
788	7160	4.0
788	7164	4.5
788	7285	4.0
788	7293	4.0
788	7321	2.5
788	7346	3.5
788	7348	4.0
788	7360	5.0
788	7361	3.0
788	7362	3.5
788	7367	4.0
788	7368	3.0
788	7373	3.5
788	7438	4.5
788	7444	2.5
788	7445	5.0
788	7448	2.5
788	7458	3.5
788	8360	4.5
788	8361	3.5
788	8363	3.5
788	8369	4.0
788	8371	3.5
788	8376	2.5
788	8528	3.5
788	8529	4.5
788	8531	3.5
788	8593	5.0
788	8638	4.5
788	8639	4.0
788	8781	3.5
788	8798	3.5
788	8807	3.5
788	8810	4.5
788	8815	3.5
788	8836	4.0
788	8860	3.5
788	8861	4.0
788	8865	3.5
788	8870	4.0
788	8874	4.0
788	8907	4.0
788	8939	2.5
788	8941	2.0
788	8950	4.5
788	8957	5.0
788	8958	5.0
788	8966	3.5
788	8972	4.0
788	8977	5.0
788	8981	4.5
788	8985	3.5
788	26696	3.0
788	27584	4.0
788	27674	4.0
788	27765	3.5
788	27808	3.5
788	27821	3.5
788	27875	4.5
788	30749	4.5
788	31114	4.0
788	31225	4.5
788	31420	2.5
788	31427	4.0
788	31685	4.5
788	32017	2.5
788	32019	2.5
788	32029	4.0
788	32300	2.5
788	32587	3.5
